2408
2410
2426
2430
2437
2439
2454
2460
2466
2472
2473
2476
2480
2481
2484
2488
2490
2492
2500
2502
2506
2514
2526
2527
2532
2536
2538
2545
2546
2548
2550
2551
2555
2558
2559
2560
2561
2564
2565
2566
2569
2575
2586
2587
2589
2592
2600
2606
2608
2617
2620
2623
2626
2629
2630
2631
2633
2638
2640
2642
2643
2644
2646
2651
2658
2661
2662
2669
2670
2671
2679
2682
2684
2685
2690
2695
2696
2697
2698
2699
2700
2707
2711
2721
2728
2730
2737
2738
2741
2750
2754
2755
2762
2763
2766
2768
2773
2775
2776
2781
2784
2786
2787
2791
2792
2797
2798
2803
2806
2807
2818
2826
2831
2832
2833
2838
2840
2845
2857
2859
2870
2880
2881
2882
2883
2885
2886
2892
2893
2895
2898
2906
2914
2915
2919
2920
2923
2924
2930
2933
2936
2938
2943
2966
2967
2974
2978
2979
2986
2990
2992
3000
3003
3011
3012
3016
3017
3022
3026
3027
3028
3029
3031
3041
3043
3049
3052
3055
3057
3067
3068
3070
3072
3077
3081
3083
3086
3088
3092
3100
3105
3113
3115
3117
3121
3126
3128
3129
3135
3141
3143
3144
3146
3148
3149
3151
3154
3161
3162
3165
3166
3167
3169
3170
3177
3179
3186
3188
3189
3194
3197
3201
3206
3207
3210
3212
3213
3222
3228
3232
3233
3235
3244
3249
3255
3256
3262
3268
3270
3277
3279
3280
3286
3288
3298
3299
3303
3305
3309
3311
3320
3327
3328
3332
3333
3337
3346
3347
3349
3354
3355
3360
3368
3370
3377
3384
3390
3394
3400
3404
3405
3409
3410
3411
3418
3421
3428
3430
3432
3433
3436
3439
3448
3452
3462
3469
3475
3479
3481
3482
3483
3484
3485
3489
3499
3522
3528
3529
3537
3541
3543
3550
3552
3555
3560
3562
3565
3567
3574
3576
3582
3585
3586
3587
3595
3608
3609
3610
3612
3622
3625
3628
3631
3636
3640
3641
3646
3647
3649
3651
3655
3656
3658
3660
3667
3673
3675
3680
3684
3691
3692
3702
3703
3705
3706
3718
3723
3725
3729
3737
3741
3746
3752
3753
3756
3757
3758
3759
3760
3762
3765
3767
3772
3773
3779
3788
3792
3794
3801
3804
3810
3816
3822
3823
3824
3825
3827
3828
3830
3835
3836
3842
3843
3844
3845
3849
3853
3854
3856
3860
3868
3873
3879
3881
3882
3883
3888
3889
3891
3892
3900
3903
3919
3920
3921
3922
3923
3926
3930
3931
3934
3935
3936
3942
3944
3949
3954
3958
3963
3969
3971
3979
3980
3982
3985
3990
3991
3995
4003
4004
4008
4010
4012
4013
4015
4027
4034
4037
4038
4046
4047
4059
4062
4063
4066
4072
4074
4081
4084
4090
4091
4094
4097
4098
4099
4104
4106
4113
4115
4123
4125
4130
4132
4134
4137
4143
4146
4164
4170
4174
4175
4176
4179
4188
4189
4203
4204
4205
4211
4214
4218
4227
4230
4232
4237
4240
4246
4249
4250
4253
4254
4260
4262
4266
4267
4275
4277
4279
4282
4289
4297
4299
4301
4304
4305
4306
4310
4311
4321
4323
4324
4328
4330
4332
4336
4337
4340
4341
4342
4343
4344
4345
4351
4352
4358
4361
4362
4365
4366
4367
4372
4373
4376
4382
4386
4389
4391
4396
4401
4402
4406
4407
4421
4427
4428
4430
4431
4432
4433
4435
4439
4443
4447
4451
4456
4457
4458
4459
4466
4468
4469
4470
4474
4475
4476
4480
4482
4485
4486
4487
4488
4491
4494
4499
4500
4501
4504
4514
4516
4517
4520
4522
4523
4527
4529
4533
4535
4539
4543
4547
4563
4566
4570
4571
4575
4578
4580
4590
4600
4605
4608
4612
4614
4622
4623
4625
4634
4637
4646
4647
4650
4651
4653
4655
4659
4660
4663
4670
4671
4674
4677
4684
4687
4691
4697
4703
4704
4706
4708
4709
4712
4713
4716
4725
4726
4727
4734
4739
4742
4745
4746
4747
4748
4757
4763
4765
4770
4772
4775
4782
4786
4804
4808
4810
4814
4815
4817
4823
4824
4825
4827
4830
4835
4836
4837
4843
4849
4855
4862
4863
4864
4865
4874
4876
4881
4884
4886
4889
4894
4900
4905
4906
4908
4909
4911
4913
4914
4917
4929
4937
4943
4946
4947
4951
4953
4968
4969
4971
4978
4979
4984
4985
4988
4990
5008
5011
5016
5018
5019
5022
5023
5032
5034
5039
5040
5055
5056
5058
5064
5070
5074
5077
5080
5081
5087
5091
5093
5101
5102
5104
5106
5127
5129
5130
5135
5142
5143
5148
5152
5153
5154
5167
5168
5169
5179
5183
5186
5189
5191
5192
5197
5198
5199
5208
5211
5213
5216
5225
5226
5228
5229
5230
5232
5235
5237
5239
5244
5246
5252
5253
5256
5261
5266
5271
5273
5274
5279
5280
5281
5286
5287
5291
5292
5294
5297
5300
5301
5310
5311
5312
5321
5326
5330
5332
5337
5338
5346
5350
5351
5354
5355
5358
5360
5361
5363
5365
5368
5370
5372
5373
5375
5377
5381
5384
5394
5401
5402
5403
5407
5408
5412
5415
5416
5417
5418
5419
5420
5423
5424
5425
5430
5435
5444
5455
5456
5460
5465
5469
5472
5473
5475
5476
5481
5483
5488
5489
5493
5495
5497
5498
5502
5511
5519
5521
5524
5528
5533
5541
5546
5547
5548
5551
5557
5567
5571
5587
5591
5594
5596
5598
5601
5602
5606
5607
5608
5609
5610
5616
5619
5623
5624
5626
5629
5637
5642
5645
5647
5650
5654
5655
5661
5669
5677
5680
5681
5685
5689
5692
5693
5708
5719
5724
5726
5732
5739
5747
5749
5752
5753
5754
5756
5759
5760
5764
5767
5769
5778
5784
5786
5794
5795
5796
5803
5804
5807
5809
5815
5816
5818
5822
5824
5834
5836
5837
5839
5841
5842
5844
5855
5862
5869
5873
5875
5876
5882
5887
5888
5891
5894
5895
5902
5903
5905
5912
5919
5922
5924
5929
5932
5935
5936
5944
5946
5952
5953
5959
5961
5964
5971
5979
5980
5981
5990
5991
5997
5999
6003
6005
6010
6011
6013
6015
6027
6033
6036
6037
6039
6045
6047
6049
6056
6058
6059
6066
6068
6071
6084
6090
6093
6097
6098
6102
6110
6115
6119
6120
6121
6123
6130
6132
6134
6139
6144
6152
6155
6167
6178
6181
6187
6189
6191
6195
6200
6205
6211
6216
6217
6220
6227
6231
6236
6238
6243
6245
6247
6248
6258
6262
6264
6275
6279
6284
6291
6294
6304
6308
6315
6316
6327
6334
6335
6337
6339
6343
6345
6349
6356
6358
6362
6373
6376
6379
6381
6386
6392
6396
6397
6403
6405
6412
6417
6422
6427
6428
6430
6431
6433
6436
6440
6441
6443
6457
6463
6464
6466
6467
6469
6473
6474
6476
6478
6480
6486
6487
6489
6495
6501
6506
6512
6513
6516
6521
6526
6527
6531
6533
6534
6535
6542
6543
6545
6547
6549
6551
6552
6558
6559
6562
6566
6570
6571
6573
6577
6579
6581
6582
6585
6590
6596
6598
6599
6601
6602
6606
6611
6614
6619
6620
6627
6629
6630
6634
6639
6640
6643
6644
6647
6650
6652
6661
6667
6669
6671
6676
6677
6678
6682
6689
6697
6699
6706
6707
6715
6717
6723
6733
6736
6738
6739
6741
6742
6745
6747
6751
6757
6759
6764
6765
6766
6767
6769
6770
6771
6777
6780
6792
6794
6798
6812
6814
6819
6828
6834
6835
6836
6838
6842
6845
6847
6853
6857
6858
6860
6862
6866
6869
6871
6872
6884
6889
6894
6896
6897
6909
6914
6931
6933
6936
6938
6942
6951
6958
6961
6968
6972
6975
6980
6983
6985
6986
6988
6992
6994
6996
7000
7002
7003
7005
7009
7014
7024
7025
7026
7034
7038
7050
7054
7056
7057
7060
7063
7066
7067
7079
7088
7092
7095
7096
7101
7106
7114
7117
7125
7127
7130
7136
7139
7145
7149
7152
7158
7162
7163
7164
7165
7171
7173
7175
7179
7180
7181
7183
7184
7186
7189
7190
7191
7193
7196
7198
7199
7200
7202
7205
7206
7210
7213
7214
7217
7218
7219
7223
7226
7231
7234
7235
7238
7242
7244
7247
7250
7257
7263
7270
7271
7272
7273
7276
7277
7281
7282
7283
7286
7288
7293
7297
7301
7302
7303
7308
7313
7314
7316
7317
7325
7332
7335
7347
7352
7353
7357
7359
7361
7364
7365
7367
7371
7372
7377
7380
7391
7393
7398
7399
7401
7405
7407
7409
7411
7412
7418
7422
7432
7433
7439
7440
7441
7444
7445
7448
7449
7453
7454
7456
7459
7460
7462
7470
7481
7483
7495
7496
7497
7507
7509
7511
7512
7518
7524
7541
7542
7546
7548
7549
7550
7556
7558
7560
7564
7566
7569
7571
7572
7574
7578
7581
7584
7587
7589
7590
7596
7604
7606
7607
7612
7613
7628
7632
7637
7640
7641
7642
7647
7649
7651
7654
7655
7661
7667
7669
7670
7672
7674
7680
7682
7683
7688
7691
7698
7700
7702
7703
7711
7714
7718
7727
7732
7737
7743
7744
7747
7756
7759
7768
7770
7774
7777
7781
7787
7788
7789
7792
7797
7809
7812
7813
7817
7819
7822
7826
7827
7828
7829
7831
7839
7840
7842
7843
7848
7851
7854
7855
7857
7860
7863
7864
7865
7869
7871
7875
7877
7885
7887
7890
7896
7897
7904
7905
7926
7930
7935
7938
7940
7942
7949
7953
7958
7963
7972
7978
7985
7987
7991
7992
7995
7997
8000
8002
8003
8006
8011
8017
8018
8019
8024
8027
8030
8036
8037
8044
8047
8050
8051
8052
8053
8055
8060
8062
8064
8067
8071
8073
8077
8079
8081
8082
8092
8093
8094
8106
8111
8112
8117
8119
8121
8125
8127
8132
8134
8135
8136
8139
8141
8145
8146
8149
8155
8157
8158
8164
8170
8172
8174
8177
8178
8179
8180
8184
8189
8190
8196
8200
8203
8206
8209
8214
8222
8240
8247
8250
8256
8259
8262
8272
8279
8281
8282
8283
8286
8294
8295
8298
8301
8304
8305
8310
8312
8314
8315
8318
8332
8334
8340
8342
8344
8352
8353
8355
8360
8362
8366
8369
8371
8372
8374
8376
8377
8387
8392
8394
8398
8404
8409
8412
8415
8416
8417
8418
8424
8426
8429
8432
8435
8440
8442
8443
8446
8450
8455
8462
8467
8469
8471
8474
8478
8482
8487
8488
8495
8496
8499
8500
8504
8509
8512
8515
8517
8520
8523
8524
8526
8531
8534
8538
8546
8551
8552
8556
8557
8561
8562
8563
8567
8570
8574
8576
8577
8579
8586
8590
8596
8599
8601
8607
8609
8611
8613
8614
8622
8623
8624
8625
8630
8631
8635
8638
8641
8652
8657
8663
8664
8670
8671
8673
8692
8696
8700
8703
8706
8727
8730
8737
8739
8740
8741
8743
8746
8747
8753
8761
8762
8769
8771
8772
8786
8789
8790
8794
8795
8796
8802
8803
8804
8806
8809
8813
8814
8815
8817
8818
8827
8830
8833
8836
8839
8845
8849
8850
8855
8857
8864
8866
8870
8883
8884
8887
8890
8891
8895
8896
8897
8900
8901
8903
8904
8913
8915
8916
8918
8928
8931
8935
8940
8942
8943
8949
8954
8963
8964
8965
8969
8972
8975
8977
8984
8985
8988
8989
8990
8995
8996
8998
9001
9002
9004
9006
9013
9017
9022
9024
9025
9028
9030
9031
9045
9046
9060
9062
9066
9076
9080
9084
9086
9092
9095
9096
9099
9106
9115
9116
9118
9120
9122
9126
9128
9131
9137
9148
9152
9157
9167
9173
9175
9177
9186
9189
9190
9193
9198
9201
9206
9208
9214
9216
9225
9232
9234
9239
9246
9250
9254
9255
9256
9265
9270
9275
9277
9279
9284
9285
9287
9289
9295
9299
9300
9306
9309
9310
9311
9313
9317
9319
9321
9326
9332
9343
9350
9355
9357
9365
9373
9378
9380
9384
9385
9391
9394
9395
9401
9405
9407
9411
9412
9419
9427
9429
9434
9443
9444
9447
9449
9451
9453
9455
9469
9474
9480
9484
9497
9499
9503
9505
9506
9508
9509
9510
9516
9518
9521
9522
9528
9532
9533
9534
9539
9540
9544
9546
9552
9554
9557
9563
9564
9565
9567
9570
9572
9575
9576
9578
9581
9584
9585
9586
9588
9592
9594
9596
9602
9604
9606
9607
9612
9617
9618
9622
9623
9628
9630
9631
9633
9634
9639
9647
9658
9660
9661
9663
9676
9679
9682
9683
9691
9693
9701
9705
9706
9715
9721
9725
9733
9738
9743
9745
9746
9747
9759
9760
9761
9762
9765
9772
9776
9777
9784
9791
9793
9799
9802
9807
9808
9811
9818
9819
9820
9821
9835
9836
9840
9849
9850
9857
9860
9862
9866
9882
9886
9887
9891
9895
9898
9899
9902
9913
9923
9925
9945
9948
9951
9954
9955
9957
9958
9961
9964
9965
9968
9975
9978
9981
9983
9985
9992
9993
9999
10002
10004
10015
10017
10022
10024
10025
10030
10031
10035
10041
10048
10054
10062
10065
10068
10072
10075
10087
10092
10094
10095
10101
10103
10105
10108
10113
10121
10126
10128
10130
10134
10136
10137
10140
10146
10152
10153
10158
10160
10161
10163
10166
10167
10187
10191
10194
10203
10209
10212
10216
10217
10223
10224
10227
10234
10237
10245
10248
10253
10259
10261
10264
10270
10272
10273
10281
10283
10285
10287
10289
10290
10302
10305
10308
10310
10314
10325
10331
10339
10342
10352
10359
10361
10363
10368
10375
10384
10389
10391
10395
10397
10399
10414
10416
10419
10420
10421
10434
10438
10439
10441
10444
10449
10450
10458
10459
10462
10466
10469
10473
10482
10484
10487
10489
10495
10501
10503
10509
10512
10514
10516
10518
10520
10532
10537
10539
10546
10547
10555
10559
10568
10569
10570
10571
10573
10575
10579
10582
10584
10591
10598
10601
10605
10608
10613
10621
10628
10631
10633
10643
10654
10660
10666
10668
10671
10672
10673
10674
10675
10678
10679
10680
10683
10684
10687
10692
10695
10704
10711
10712
10716
10717
10718
10720
10721
10726
10728
10742
10746
10747
10751
10753
10754
10756
10759
10762
10764
10765
10766
10777
10781
10782
10792
10794
10795
10800
10801
10806
10807
10811
10813
10817
10820
10821
10827
10828
10833
10834
10838
10839
10840
10843
10844
10846
10850
10859
10861
10864
10865
10871
10873
10874
10880
10882
10884
10890
10894
10895
10901
10905
10911
10912
10915
10919
10920
10926
10927
10928
10929
10933
10935
10937
10939
10945
10947
10949
10950
10951
10952
10954
10956
10958
10960
10966
10967
10969
10974
10977
10986
10991
10992
10993
11004
11006
11009
11016
11017
11018
11020
11021
11024
11025
11026
11039
11042
11047
11048
11052
11053
11056
11057
11058
11069
11073
11074
11075
11076
11078
11088
11094
11095
11096
11099
11107
11111
11118
11124
11126
11128
11130
11135
11142
11153
11154
11155
11156
11157
11159
11163
11167
11171
11176
11179
11185
11189
11194
11196
11199
11201
11206
11215
11221
11228
11229
11234
11238
11239
11242
11248
11252
11261
11263
11273
11278
11280
11285
11288
11298
11303
11304
11307
11309
11315
11316
11318
11322
11329
11333
11334
11336
11339
11345
11349
11352
11354
11355
11356
11357
11361
11362
11364
11366
11369
11375
11376
11377
11380
11381
11386
11387
11391
11402
11405
11408
11410
11412
11413
11419
11427
11428
11429
11434
11445
11457
11461
11465
11482
11487
11493
11497
11499
11503
11511
11512
11517
11518
11519
11525
11529
11530
11531
11535
11536
11539
11540
11543
11544
11546
11548
11549
11557
11558
11561
11565
11567
11568
11569
11574
11575
11579
11580
11581
11582
11584
11585
11591
11604
11610
11611
11615
11627
11628
11629
11632
11633
11641
11643
11644
11645
11646
11648
11651
11652
11655
11658
11666
11668
11673
11691
11692
11693
11694
11695
11696
11706
11707
11708
11717
11723
11726
11729
11733
11737
11738
11740
11741
11742
11746
11748
11750
11754
11757
11759
11762
11772
11774
11782
11783
11789
11791
11792
11793
11795
11803
11804
11805
11807
11821
11823
11824
11825
11829
11835
11843
11848
11849
11853
11854
11861
11863
11883
11884
11885
11887
11895
11896
11897
11900
11901
11907
11909
11913
11914
11919
11922
11927
11928
11930
11936
11939
11942
11943
11946
11949
11951
11956
11959
11960
11964
11973
11975
11977
11979
11982
11985
11988
11991
11993
11996
12001
12003
12004
12006
12007
12009
12012
12013
12014
12020
12027
12042
12051
12054
12060
12062
12072
12074
12075
12077
12079
12082
12089
12090
12098
12101
12103
12108
12109
12112
12116
12118
12124
12128
12130
12132
12134
12136
12138
12139
12143
12146
12149
12155
12157
12159
12163
12164
12168
12175
12178
12181
12189
12193
12199
12202
12207
12213
12216
12218
12226
12229
12230
12234
12235
12236
12237
12246
12247
12248
12251
12257
12260
12262
12264
12265
12274
12278
12311
12315
12316
12318
12320
12321
12322
12328
12329
12330
12333
12334
12340
12343
12344
12346
12352
12355
12358
12362
12371
12378
12384
12389
12402
12408
12413
12420
12422
12424
12430
12431
12432
12436
12445
12448
12449
12455
12456
12468
12469
12472
12475
12479
12480
12481
12483
12488
12491
12493
12502
12504
12510
12512
12513
12514
12517
12523
12533
12535
12536
12543
12546
12547
12551
12552
12554
12556
12559
12561
12562
12565
12566
12568
12574
12575
12583
12584
12603
12616
12621
12627
12628
12634
12636
12638
12641
12647
12648
12651
12652
12672
12679
12681
12685
12687
12692
12695
12696
12701
12718
12724
12725
12730
12731
12732
12736
12740
12747
12748
12750
12751
12753
12754
12755
12757
12760
12763
12765
12766
12777
12782
12785
12786
12788
12794
12797
12798
12801
12802
12803
12807
12811
12823
12824
12826
12828
12831
12840
12841
12843
12848
12849
12852
12857
12872
12876
12884
12886
12888
12889
12890
12893
12894
12898
12904
12906
12909
12913
12914
12921
12922
12931
12939
12945
12947
12951
12954
12964
12965
12969
12971
12972
12974
12976
12977
12978
12979
12980
12981
12982
12991
12993
12994
12997
12998
13006
13007
13008
13013
13018
13020
13022
13024
13031
13033
13037
13048
13049
13052
13053
13055
13056
13061
13064
13068
13075
13076
13080
13081
13084
13088
13092
13094
13096
13098
13100
13103
13106
13108
13116
13123
13125
13126
13130
13132
13137
13141
13143
13149
13154
13155
13159
13161
13162
13171
13175
13178
13186
13190
13193
13197
13199
13200
13202
13205
13206
13213
13216
13217
13218
13219
13220
13221
13225
13230
13237
13238
13242
13245
13247
13249
13255
13262
13265
13266
13278
13279
13287
13290
13295
13300
13302
13308
13310
13313
13316
13324
13325
13326
13332
13334
13337
13338
13345
13359
13360
13363
13364
13372
13379
13384
13387
13390
13401
13404
13407
13411
13415
13424
13425
13427
13429
13433
13434
13435
13438
13441
13443
13444
13447
13450
13459
13464
13478
13485
13486
13491
13492
13494
13495
13497
13504
13506
13516
13517
13521
13522
13541
13546
13549
13550
13553
13554
13559
13562
13564
13568
13569
13574
13583
13590
13591
13592
13600
13603
13607
13609
13612
13616
13618
13623
13628
13630
13631
13640
13641
13643
13645
13646
13656
13661
13665
13669
13677
13681
13682
13685
13686
13687
13688
13690
13694
13703
13704
13711
13716
13717
13723
13730
13736
13737
13738
13741
13743
13745
13755
13758
13759
13760
13772
13773
13774
13776
13780
13782
13786
13790
13793
13802
13809
13816
13818
13819
13822
13825
13842
13843
13848
13849
13852
13853
13854
13856
13857
13861
13864
13865
13870
13876
13878
13882
13884
13887
13896
13900
13902
13906
13907
13911
13914
13916
13917
13918
13923
13927
13930
13937
13941
13943
13947
13953
13957
13962
13964
13966
13978
13979
13980
13982
13986
13990
13996
13997
13998
14000
14001
14003
14004
14009
14010
14012
14013
14016
14019
14026
14033
14034
14038
14040
14041
14042
14052
14056
14063
14066
14067
14077
14078
14082
14083
14087
14088
14092
14097
14099
14101
14110
14118
14122
14126
14127
14128
14138
14146
14148
14149
14152
14160
14161
14165
14169
14174
14176
14177
14183
14188
14191
14203
14205
14206
14209
14217
14221
14222
14229
14238
14241
14244
14245
14249
14251
14253
14254
14256
14258
14266
14271
14280
14282
14284
14285
14289
14293
14294
14295
14297
14304
14306
14319
14320
14321
14327
14341
14343
14345
14348
14354
14359
14360
14361
14362
14363
14368
14372
14377
14379
14384
14385
14395
14404
14407
14410
14413
14418
14423
14424
14428
14429
14432
14433
14434
14435
14442
14443
14449
14451
14452
14455
14462
14466
14476
14477
14480
14483
14485
14489
14501
14502
14503
14504
14509
14514
14528
14530
14532
14544
14548
14559
14560
14563
14573
14575
14576
14577
14579
14580
14586
14589
14594
14597
14600
14603
14607
14612
14613
14616
14618
14624
14627
14628
14634
14636
14653
14656
14660
14663
14665
14668
14670
14676
14679
14691
14701
14705
14707
14708
14709
14720
14724
14730
14731
14733
14740
14742
14743
14745
14760
14767
14770
14777
14780
14782
14784
14789
14791
14793
14796
14799
14809
14816
14824
14825
14830
14841
14845
14846
14851
14855
14862
14867
14869
14870
14872
14876
14878
14886
14889
14891
14897
14900
14903
14904
14905
14911
14915
14916
14920
14931
14935
14943
14944
14947
14954
14963
14970
14971
14972
14980
14981
14987
15009
15011
15013
15025
15026
15027
15029
15033
15041
15047
15048
15053
15054
15056
15059
15061
15064
15067
15069
15071
15074
15076
15085
15087
15093
15094
15097
15098
15101
15103
15104
15106
15107
15108
15111
15112
15115
15125
15132
15135
15136
15138
15139
15140
15142
15143
15145
15149
15159
15162
15163
15169
15170
15172
15173
15175
15176
15178
15180
15181
15191
15192
15193
15196
15199
15206
15208
15215
15226
15235
15243
15249
15251
15252
15262
15263
15270
15283
15287
15291
15296
15300
15301
15303
15307
15311
15312
15318
15320
15327
15330
15331
15334
15335
15337
15340
15342
15356
15359
15363
15366
15369
15375
15377
15383
15386
15390
15393
15398
15407
15414
15418
15419
15422
15423
15431
15434
15436
15440
15442
15444
15445
15452
15453
15456
15483
15485
15486
15488
15492
15496
15498
15502
15505
15508
15510
15512
15518
15526
15527
15529
15533
15534
15535
15537
15539
15543
15546
15547
15548
15557
15561
15566
15568
15569
15580
15582
15584
15585
15586
15591
15595
15601
15603
15608
15609
15610
15611
15622
15623
15624
15628
15633
15638
15639
15644
15646
15650
15652
15653
15658
15663
15665
15672
15674
15682
15696
15697
15704
15705
15709
15712
15716
15718
15721
15723
15732
15740
15742
15749
15752
15754
15755
15762
15764
15770
15777
15784
15786
15805
15814
15816
15819
15825
15826
15828
15829
15830
15833
15834
15836
15837
15839
15850
15856
15857
15862
15864
15866
15870
15876
15881
15883
15890
15895
15901
15903
15904
15908
15919
15920
15922
15926
15927
15929
15930
15934
15936
15939
15946
15947
15953
15955
15956
15957
15958
15960
15961
15963
15966
15982
15994
16003
16008
16009
16012
16013
16014
16023
16027
16029
16033
16036
16049
16051
16055
16056
16057
16062
16064
16066
16072
16073
16074
16077
16083
16085
16088
16092
16095
16096
16102
16110
16112
16114
16119
16123
16125
16126
16132
16134
16136
16137
16145
16147
16149
16156
16165
16167
16172
16174
16184
16186
16191
16194
16195
16198
16203
16204
16207
16208
16212
16223
16224
16226
16228
16229
16233
16254
16271
16273
16276
16279
16285
16289
16290
16291
16301
16307
16309
16316
16319
16321
16328
16335
16337
16340
16346
16348
16349
16350
16352
16354
16356
16360
16370
16371
16373
16374
16378
16380
16383
16385
16387
16391
16394
16401
16404
16409
16418
16423
16424
16425
16433
16436
16438
16446
16448
16451
16461
16464
16466
16467
16471
16472
16476
16483
16487
16488
16494
16502
16503
16504
16509
16510
16512
16514
16517
16523
16525
16532
16540
16541
16543
16546
16551
16556
16558
16563
16566
16573
16578
16583
16585
16587
16589
16591
16593
16597
16599
16601
16602
16603
16604
16608
16609
16616
16618
16620
16622
16625
16627
16628
16629
16631
16633
16635
16636
16638
16639
16640
16642
16644
16652
16653
16657
16659
16666
16667
16675
16681
16683
16687
16691
16694
16697
16699
16701
16713
16724
16726
16740
16742
16750
16754
16759
16761
16767
16769
16771
16773
16776
16777
16783
16784
16786
16789
16797
16798
16802
16806
16814
16816
16817
16818
16821
16828
16831
16833
16837
16838
16840
16843
16850
16851
16856
16857
16860
16866
16868
16871
16873
16874
16877
16885
16887
16890
16892
16893
16897
16900
16901
16906
16907
16909
16913
16915
16933
16935
16938
16942
16946
16949
16950
16951
16952
16954
16956
16959
16961
16962
16963
16968
16970
16981
16988
16989
16995
16999
17021
17026
17034
17037
17046
17047
17056
17058
17065
17072
17073
17075
17079
17080
17088
17090
17092
17094
17108
17109
17112
17116
17118
17123
17124
17126
17133
17137
17141
17144
17146
17149
17150
17151
17153
17156
17158
17166
17167
17171
17179
17194
17203
17217
17219
17221
17226
17229
17232
17234
17240
17242
17244
17251
17260
17264
17267
17269
17271
17275
17279
17280
17283
17285
17286
17288
17290
17301
17309
17310
17321
17324
17325
17334
17337
17338
17347
17354
17359
17370
17373
17380
17394
17396
17399
17400
17402
17408
17415
17418
17421
17422
17428
17431
17440
17447
17449
17450
17452
17458
17461
17463
17464
17465
17466
17467
17468
17471
17475
17476
17485
17492
17495
17500
17503
17507
17517
17520
17525
17528
17529
17531
17532
17533
17534
17535
17540
17543
17555
17561
17568
17571
17572
17574
17575
17578
17579
17580
17582
17583
17584
17585
17586
17587
17591
17594
17597
17598
17600
17601
17603
17604
17610
17612
17617
17624
17625
17633
17636
17637
17642
17643
17644
17646
17662
17663
17669
17674
17675
17681
17683
17693
17699
17700
17701
17714
17716
17719
17720
17721
17727
17731
17737
17744
17748
17750
17751
17757
17759
17765
17772
17773
17774
17776
17777
17783
17787
17798
17801
17802
17805
17809
17812
17817
17820
17822
17826
17827
17828
17833
17834
17837
17838
17843
17847
17848
17849
17853
17857
17859
17869
17870
17879
17880
17883
17886
17889
17901
17902
17905
17911
17918
17919
17923
17934
17938
17939
17943
17947
17950
17951
17953
17954
17957
17964
17966
17967
17977
17981
17983
17988
17997
17998
18003
18010
18011
18012
18014
18020
18022
18024
18027
18035
18037
18041
18049
18051
18054
18056
18058
18061
18062
18064
18065
18071
18072
18079
18080
18082
18083
18096
18098
18100
18103
18110
18113
18120
18125
18130
18136
18137
18138
18143
18149
18151
18152
18153
18155
18162
18165
18172
18174
18176
18177
18181
18184
18188
18190
18192
18200
18205
18206
18207
18208
18209
18210
18211
18220
18221
18223
18224
18228
18236
18238
18244
18249
18254
18256
18261
18272
18280
18284
18294
18307
18309
18313
18316
18317
18321
18326
18333
18334
18336
18344
18354
18356
18363
18364
18380
18381
18382
18388
18393
18394
18401
18406
18413
18423
18424
18429
18432
18443
18446
18449
18455
18456
18463
18464
18466
18467
18473
18477
18486
18487
18492
18497
18499
18501
18506
18507
18508
18512
18517
18535
18536
18537
18538
18541
18546
18547
18552
18556
18557
18562
18563
18564
18566
18570
18578
18584
18592
18603
18608
18611
18614
18616
18618
18629
18631
18632
18636
18637
18642
18644
18646
18647
18650
18656
18659
18661
18665
18669
18671
18677
18684
18689
18691
18692
18697
18699
18700
18701
18722
18723
18724
18741
18744
18746
18748
18750
18761
18766
18767
18770
18771
18776
18783
18789
18791
18792
18804
18805
18806
18812
18814
18815
18825
18828
18834
18840
18843
18846
18847
18852
18857
18862
18875
18877
18880
18884
18887
18888
18892
18895
18896
18902
18903
18907
18908
18915
18921
18927
18932
18937
18942
18944
18946
18949
18950
18951
18955
18957
18961
18963
18969
18975
18978
18983
18994
19002
19003
19004
19019
19023
19029
19035
19036
19037
19039
19040
19046
19051
19058
19060
19069
19076
19081
19083
19084
19097
19099
19101
19102
19104
19105
19110
19113
19119
19121
19123
19126
19128
19135
19136
19137
19140
19146
19149
19150
19151
19154
19160
19162
19164
19165
19170
19179
19180
19185
19186
19190
19191
19196
19198
19205
19214
19227
19228
19229
19230
19236
19240
19243
19249
19254
19259
19261
19271
19280
19282
19285
19293
19303
19304
19309
19314
19319
19320
19324
19330
19331
19333
19341
19345
19351
19354
19356
19358
19366
19368
19371
19372
19375
19377
19379
19380
19383
19384
19388
19391
19392
19394
19402
19404
19407
19417
19420
19423
19426
19429
19434
19437
19444
19446
19451
19452
19460
19466
19468
19473
19479
19480
19485
19488
19489
19494
19495
19497
19502
19505
19506
19523
19525
19533
19534
19536
19541
19543
19549
19550
19555
19558
19560
19577
19579
19582
19586
19587
19590
19592
19593
19594
19597
19601
19602
19604
19610
19618
19622
19626
19635
19636
19647
19654
19661
19663
19674
19677
19678
19682
19685
19686
19688
19701
19706
19710
19711
19718
19720
19721
19724
19727
19732
19738
19746
19750
19751
19752
19754
19762
19764
19767
19779
19780
19781
19782
19787
19788
19793
19801
19810
19814
19821
19823
19825
19826
19827
19833
19839
19844
19847
19848
19851
19852
19856
19857
19859
19860
19862
19864
19868
19870
19874
19887
19893
19900
19907
19909
19910
19911
19917
19919
19920
19924
19925
19926
19929
19934
19935
19939
19952
19957
19964
19966
19970
19974
19981
19982
19984
19985
19987
19988
19998
20000
20003
20005
20008
20017
20018
20020
20024
20027
20030
20032
20036
20042
20043
20047
20048
20049
20052
20054
20056
20059
20060
20061
20062
20066
20069
20072
20076
20079
20080
20083
20084
20086
20089
20093
20094
20096
20100
20103
20108
20113
20119
20123
20127
20128
20136
20137
20140
20142
20149
20151
20152
20153
20162
20167
20168
20171
20172
20176
20178
20189
20191
20192
20202
20204
20208
20210
20212
20215
20218
20225
20233
20238
20241
20243
20248
20250
20265
20269
20273
20277
20285
20287
20293
20294
20296
20300
20302
20304
20305
20310
20316
20319
20322
20325
20326
20332
20334
20345
20348
20349
20357
20358
20363
20368
20371
20373
20375
20390
20393
20394
20395
20402
20404
20406
20412
20422
20432
20435
20436
20437
20443
20445
20450
20453
20460
20469
20471
20473
20474
20476
20478
20479
20480
20485
20486
20495
20503
20508
20509
20510
20512
20519
20526
20531
20533
20534
20542
20543
20544
20546
20547
20548
20552
20553
20554
20556
20557
20558
20559
20561
20562
20563
20568
20570
20572
20580
20582
20586
20588
20590
20596
20597
20599
20604
20605
20611
20615
20618
20626
20628
20634
20637
20640
20642
20644
20648
20649
20653
20655
20657
20658
20659
20662
20663
20667
20677
20689
20706
20708
20709
20712
20718
20720
20722
20723
20729
20739
20746
20748
20750
20754
20757
20759
20768
20770
20773
20779
20781
20782
20785
20786
20790
20795
20796
20805
20809
20812
20817
20822
20827
20829
20830
20837
20838
20844
20846
20847
20849
20853
20855
20856
20858
20859
20865
20869
20873
20874
20876
20881
20886
20888
20892
20893
20894
20900
20906
20907
20920
20924
20930
20931
20932
20933
20935
20937
20942
20943
20946
20952
20953
20957
20964
20965
20968
20972
20973
20983
20984
20986
20995
20996
21003
21012
21014
21016
21019
21026
21032
21034
21039
21040
21041
21042
21043
21047
21052
21054
21055
21063
21067
21078
21080
21083
21084
21085
21088
21090
21092
21097
21099
21100
21102
21104
21105
21109
21110
21114
21116
21117
21118
21122
21127
21129
21131
21132
21137
21139
21141
21149
21150
21155
21159
21171
21175
21181
21182
21184
21193
21200
21201
21202
21211
21213
21215
21216
21225
21229
21233
21236
21238
21245
21249
21258
21261
21263
21267
21271
21275
21280
21281
21282
21286
21287
21299
21308
21309
21311
21316
21320
21322
21331
21333
21334
21337
21339
21341
21343
21345
21347
21349
21352
21355
21357
21358
21360
21361
21371
21377
21386
21389
21403
21405
21410
21412
21418
21419
21420
21422
21429
21430
21435
21443
21446
21447
21449
21454
21459
21467
21475
21477
21481
21485
21489
21491
21493
21496
21497
21500
21514
21519
21522
21526
21529
21530
21532
21534
21535
21545
21547
21556
21557
21558
21568
21574
21579
21581
21587
21594
21598
21599
21608
21609
21612
21616
21625
21626
21633
21638
21643
21647
21649
21659
21660
21667
21671
21678
21681
21683
21684
21688
21693
21699
21701
21703
21704
21705
21710
21711
21715
21718
21723
21727
21730
21731
21736
21738
21743
21745
21747
21750
21751
21754
21767
21768
21770
21774
21775
21776
21786
21797
21804
21806
21808
21810
21812
21814
21818
21823
21824
21825
21830
21836
21841
21842
21844
21845
21859
21863
21870
21876
21877
21878
21879
21885
21892
21901
21902
21904
21907
21912
21918
21921
21922
21928
21936
21943
21945
21947
21948
21950
21954
21955
21956
21962
21965
21966
21971
21977
21980
21983
21986
21988
21991
21998
22004
22008
22011
22014
22016
22018
22020
22023
22028
22037
22048
22055
22062
22064
22070
22072
22078
22085
22088
22095
22106
22120
22123
22132
22136
22137
22138
22141
22145
22151
22159
22164
22169
22173
22177
22182
22185
22203
22208
22211
22214
22218
22221
22223
22226
22231
22233
22237
22242
22245
22253
22254
22256
22260
22261
22268
22271
22277
22281
22283
22286
22287
22294
22295
22301
22302
22304
22307
22312
22317
22318
22319
22322
22328
22332
22333
22334
22358
22360
22362
22363
22364
22365
22371
22376
22379
22389
22392
22394
22397
22401
22403
22406
22407
22410
22417
22419
22422
22428
22429
22433
22435
22436
22438
22443
22450
22457
22459
22463
22471
22473
22475
22478
22483
22484
22485
22486
22489
22494
22500
22503
22516
22518
22520
22523
22525
22526
22528
22530
22531
22534
22543
22546
22547
22548
22557
22560
22561
22562
22569
22571
22576
22583
22585
22598
22602
22604
22608
22612
22615
22616
22618
22620
22621
22630
22633
22639
22645
22646
22650
22654
22656
22657
22658
22672
22675
22678
22679
22680
22686
22688
22690
22695
22697
22700
22701
22705
22706
22707
22708
22709
22713
22716
22719
22722
22727
22728
22738
22743
22744
22750
22751
22753
22761
22765
22772
22774
22783
22786
22787
22788
22790
22792
22793
22799
22809
22818
22830
22835
22836
22837
22842
22848
22854
22858
22861
22863
22869
22870
22872
22873
22874
22875
22876
22878
22891
22896
22897
22908
22911
22914
22917
22919
22921
22926
22928
22930
22931
22941
22943
22947
22949
22952
22960
22961
22970
22974
22978
22982
22987
22989
22995
22996
23002
23005
23021
23023
23024
23026
23027
23031
23033
23038
23039
23045
23046
23048
23050
23052
23053
23061
23064
23070
23074
23076
23081
23083
23092
23094
23099
23101
23103
23106
23115
23117
23118
23120
23121
23123
23131
23136
23150
23151
23152
23158
23160
23165
23166
23167
23172
23176
23180
23183
23184
23185
23186
23189
23195
23202
23204
23205
23210
23217
23227
23230
23238
23242
23244
23249
23250
23252
23256
23259
23269
23280
23283
23284
23287
23297
23298
23302
23303
23304
23305
23310
23313
23314
23317
23328
23329
23331
23332
23334
23337
23338
23340
23345
23350
23351
23353
23355
23356
23357
23361
23362
23368
23374
23378
23379
23380
23382
23388
23395
23403
23415
23422
23426
23440
23443
23445
23452
23455
23458
23461
23462
23463
23465
23468
23477
23480
23481
23484
23486
23495
23496
23497
23509
23511
23519
23526
23530
23533
23534
23538
23542
23545
23551
23554
23555
23556
23560
23563
23565
23566
23572
23586
23591
23592
23595
23599
23601
23606
23609
23612
23616
23619
23623
23624
23629
23631
23637
23640
23644
23645
23648
23652
23654
23658
23661
23666
23667
23677
23682
23686
23688
23703
23706
23709
23712
23715
23728
23736
23739
23743
23744
23749
23750
23752
23756
23757
23758
23759
23769
23770
23772
23773
23782
23784
23785
23788
23807
23811
23815
23818
23827
23829
23831
23832
23837
23841
23844
23848
23850
23859
23873
23878
23888
23889
23893
23894
23896
23897
23898
23903
23906
23908
23909
23911
23913
23915
23916
23924
23927
23935
23940
23941
23942
23944
23958
23979
23984
23993
24001
24002
24003
24017
24031
24034
24039
24046
24052
24055
24067
24070
24072
24074
24082
24083
24085
24092
24094
24095
24097
24098
24100
24105
24107
24109
24117
24121
24126
24136
24138
24148
24152
24155
24156
24159
24163
24164
24166
24170
24172
24173
24176
24179
24188
24190
24193
24194
24197
24201
24204
24205
24206
24207
24211
24213
24215
24217
24219
24226
24227
24234
24235
24238
24239
24243
24251
24253
24254
24262
24263
24265
24274
24280
24283
24284
24287
24295
24298
24302
24305
24306
24308
24309
24311
24316
24322
24325
24327
24332
24334
24335
24336
24343
24344
24352
24354
24358
24360
24361
24365
24366
24373
24382
24401
24402
24403
24414
24418
24426
24432
24435
24441
24450
24453
24454
24458
24465
24470
24471
24472
24473
24474
24481
24487
24488
24498
24502
24506
24514
24520
24522
24525
24526
24528
24529
24530
24536
24537
24538
24539
24543
24546
24556
24559
24565
24569
24572
24573
24579
24590
24597
24598
24600
24602
24605
24608
24618
24620
24621
24631
24633
24647
24649
24650
24652
24654
24658
24661
24662
24665
24666
24671
24677
24679
24682
24689
24695
24697
24702
24704
24707
24710
24717
24719
24731
24732
24734
24740
24743
24753
24756
24763
24764
24765
24771
24772
24773
24778
24783
24786
24790
24792
24794
24797
24799
24811
24813
24815
24817
24819
24820
24825
24830
24835
24836
24842
24843
24844
24848
24850
24852
24853
24855
24856
24864
24867
24871
24881
24896
24897
24899
24902
24904
24907
24909
24912
24919
24920
24925
24934
24938
24940
24948
24951
24953
24956
24969
24975
24982
24983
24984
24988
24990
24991
24993
24996
25004
25005
25011
25014
25015
25017
25018
25022
25027
25033
25050
25051
25057
25060
25067
25070
25071
25073
25076
25085
25086
25093
25094
25106
25108
25110
25113
25121
25122
25127
25130
25136
25138
25139
25142
25143
25144
25146
25147
25148
25150
25158
25163
25167
25168
25173
25177
25178
25181
25193
25195
25201
25203
25204
25212
25222
25224
25226
25227
25231
25234
25238
25243
25246
25259
25262
25263
25265
25275
25277
25280
25281
25282
25286
25289
25297
25318
25320
25325
25326
25328
25330
25336
25340
25346
25351
25355
25358
25360
25364
25365
25366
25369
25374
25378
25382
25385
25387
25398
25400
25406
25408
25409
25419
25420
25423
25430
25434
25435
25445
25448
25450
25454
25458
25463
25470
25471
25476
25481
25482
25483
25490
25492
25494
25501
25503
25508
25512
25518
25519
25524
25526
25527
25529
25532
25535
25537
25541
25550
25553
25555
25556
25559
25560
25565
25566
25570
25579
25580
25590
25595
25597
25598
25599
25600
25601
25605
25606
25608
25610
25614
25624
25625
25627
25631
25633
25636
25637
25640
25642
25643
25647
25648
25662
25665
25667
25671
25673
25678
25686
25687
25693
25708
25710
25711
25718
25723
25724
25725
25727
25728
25730
25731
25732
25738
25739
25748
25753
25754
25756
25759
25779
25786
25788
25796
25800
25802
25803
25804
25805
25807
25816
25820
25826
25831
25832
25844
25847
25848
25851
25852
25854
25863
25866
25871
25873
25876
25878
25879
25881
25882
25887
25888
25890
25891
25892
25897
25900
25901
25902
25905
25911
25916
25917
25924
25925
25933
25937
25941
25942
25944
25948
25954
25961
25965
25966
25968
25970
25972
25973
25977
25983
25987
25992
25994
25996
26001
26003
26005
26007
26011
26013
26016
26021
26028
26029
26036
26037
26040
26041
26045
26047
26050
26054
26056
26060
26069
26071
26075
26076
26078
26080
26081
26092
26095
26097
26101
26103
26112
26117
26118
26119
26120
26124
26132
26135
26139
26140
26150
26152
26155
26160
26161
26166
26168
26171
26176
26177
26178
26182
26185
26187
26191
26194
26195
26196
26200
26203
26207
26208
26213
26224
26228
26233
26234
26241
26246
26252
26258
26263
26267
26275
26277
26279
26285
26286
26287
26290
26291
26292
26296
26301
26305
26306
26308
26311
26314
26316
26318
26323
26328
26329
26333
26339
26349
26350
26352
26355
26363
26366
26367
26368
26371
26380
26381
26385
26387
26391
26395
26397
26398
26399
26401
26403
26406
26409
26410
26413
26433
26434
26436
26450
26451
26452
26455
26463
26466
26467
26470
26481
26484
26485
26486
26487
26491
26496
26500
26507
26509
26513
26517
26520
26521
26522
26528
26532
26533
26534
26537
26539
26545
26548
26553
26558
26560
26569
26576
26578
26583
26590
26592
26594
26595
26598
26603
26606
26610
26612
26614
26619
26621
26624
26626
26632
26634
26635
26638
26639
26641
26650
26652
26654
26657
26661
26664
26666
26667
26668
26674
26675
26676
26680
26683
26686
26693
26699
26701
26710
26714
26719
26720
26723
26725
26728
26731
26732
26737
26739
26741
26743
26751
26758
26759
26770
26771
26773
26774
26778
26784
26791
26795
26803
26807
26811
26815
26819
26821
26826
26829
26830
26832
26833
26835
26840
26846
26854
26865
26869
26874
26880
26885
26890
26892
26902
26905
26915
26916
26919
26923
26927
26928
26934
26944
26950
26951
26954
26955
26956
26958
26963
26965
26975
26977
26978
26979
26980
26983
26992
26998
26999
27001
27004
27005
27014
27016
27018
27024
27026
27028
27030
27034
27039
27042
27043
27045
27051
27052
27059
27065
27074
27083
27084
27088
27091
27094
27109
27112
27114
27115
27117
27119
27124
27125
27127
27128
27135
27144
27145
27147
27150
27155
27157
27162
27166
27168
27178
27180
27181
27191
27197
27199
27201
27211
27213
27222
27227
27229
27235
27238
27243
27247
27252
27255
27256
27260
27262
27263
27266
27268
27270
27271
27276
27281
27283
27286
27291
27292
27295
27300
27301
27307
27310
27312
27317
27318
27320
27325
27326
27337
27345
27350
27351
27361
27363
27364
27367
27374
27388
27394
27395
27397
27398
27400
27407
27408
27411
27417
27420
27424
27432
27434
27439
27445
27446
27455
27457
27469
27474
27476
27481
27488
27491
27493
27494
27505
27516
27520
27523
27524
27526
27531
27534
27538
27539
27553
27554
27555
27561
27562
27563
27566
27577
27578
27582
27587
27589
27590
27593
27594
27595
27603
27618
27620
27642
27645
27651
27652
27656
27659
27660
27664
27673
27674
27675
27676
27678
27679
27680
27682
27688
27690
27693
27695
27704
27709
27710
27712
27721
27725
27731
27741
27742
27745
27748
27751
27754
27757
27760
27764
27766
27768
27769
27775
27776
27780
27786
27788
27789
27798
27803
27805
27807
27812
27818
27825
27830
27832
27834
27841
27848
27849
27851
27856
27860
27862
27863
27864
27872
27876
27882
27883
27889
27892
27895
27896
27898
27901
27907
27920
27921
27926
27928
27930
27931
27938
27940
27946
27948
27953
27955
27957
27964
27966
27967
27968
27971
27973
27978
27984
27988
27990
27995
27997
27998
27999
28000
28006
28007
28008
28012
28017
28021
28024
28027
28030
28031
28032
28034
28035
28037
28039
28043
28048
28051
28056
28062
28063
28064
28066
28075
28078
28081
28082
28088
28091
28092
28093
28097
28100
28104
28107
28108
28112
28113
28121
28122
28125
28129
28132
28138
28146
28148
28149
28155
28157
28164
28165
28166
28169
28174
28176
28179
28182
28185
28204
28208
28209
28213
28214
28215
28217
28220
28225
28234
28235
28242
28244
28248
28257
28262
28268
28269
28271
28280
28284
28286
28288
28293
28296
28303
28305
28312
28313
28314
28319
28325
28326
28333
28349
28352
28357
28359
28361
28364
28365
28366
28378
28380
28385
28389
28400
28401
28402
28403
28408
28411
28422
28428
28429
28443
28449
28457
28459
28462
28463
28467
28471
28472
28482
28483
28485
28487
28490
28493
28498
28499
28500
28505
28513
28516
28519
28520
28522
28530
28531
28533
28538
28540
28543
28544
28546
28547
28548
28549
28551
28554
28556
28559
28561
28562
28564
28568
28571
28572
28579
28580
28581
28588
28594
28598
28606
28607
28609
28611
28615
28619
28620
28624
28630
28635
28638
28640
28643
28644
28647
28649
28652
28654
28658
28663
28664
28671
28675
28686
28687
28688
28690
28696
28705
28710
28717
28721
28728
28733
28735
28736
28749
28751
28752
28755
28765
28769
28776
28778
28780
28783
28788
28791
28794
28797
28801
28806
28807
28818
28820
28828
28829
28835
28836
28845
28847
28848
28849
28854
28856
28859
28866
28871
28876
28883
28891
28894
28907
28911
28912
28913
28920
28927
28931
28934
28935
28938
28939
28941
28942
28943
28946
28947
28949
28950
28951
28955
28956
28964
28965
28967
28975
28979
28982
28985
28986
28989
28991
28994
28996
28997
29003
29009
29012
29023
29036
29038
29039
29043
29055
29058
29060
29063
29068
29069
29073
29076
29078
29081
29082
29083
29092
29093
29096
29098
29104
29111
29119
29120
29122
29125
29127
29136
29143
29157
29168
29174
29175
29180
29184
29191
29192
29193
29201
29206
29215
29218
29221
29222
29224
29227
29228
29240
29244
29245
29247
29248
29249
29251
29255
29264
29267
29268
29276
29277
29278
29281
29284
29290
29297
29303
29311
29313
29322
29324
29333
29336
29337
29339
29340
29345
29346
29351
29356
29357
29359
29362
29363
29365
29368
29370
29376
29381
29382
29385
29393
29399
29402
29406
29408
29410
29414
29417
29418
29427
29428
29434
29439
29440
29445
29452
29453
29455
29462
29465
29476
29480
29487
29488
29492
29498
29506
29508
29518
29524
29530
29531
29534
29535
29537
29538
29544
29548
29554
29556
29581
29582
29587
29588
29589
29591
29593
29594
29599
29601
29605
29606
29618
29623
29627
29630
29631
29633
29634
29635
29638
29641
29645
29647
29648
29658
29660
29667
29669
29677
29685
29686
29693
29696
29701
29702
29713
29722
29723
29727
29728
29731
29734
29736
29748
29749
29757
29760
29764
29766
29770
29771
29774
29776
29779
29788
29789
29790
29795
29796
29800
29803
29806
29812
29813
29821
29822
29826
29828
29829
29830
29832
29833
29841
29850
29852
29860
29865
29867
29872
29873
29880
29882
29886
29892
29897
29898
29899
29903
29904
29905
29908
29910
29916
29921
29922
29927
29936
29938
29941
29944
29948
29949
29957
29959
29961
29968
29975
29977
29978
29989
29991
29994
29995
30004
30007
30011
30013
30016
30018
30020
30024
30026
30035
30037
30040
30048
30049
30053
30058
30067
30072
30074
30085
30090
30096
30102
30109
30111
30117
30118
30119
30122
30127
30132
30138
30141
30142
30149
30151
30153
30156
30157
30159
30160
30169
30170
30171
30172
30173
30180
30181
30183
30202
30205
30206
30211
30213
30214
30217
30220
30226
30227
30228
30229
30230
30234
30235
30238
30240
30249
30255
30258
30259
30263
30264
30266
30272
30275
30276
30280
30281
30286
30289
30295
30296
30298
30300
30305
30308
30311
30313
30315
30317
30326
30329
30331
30334
30336
30344
30347
30354
30357
30359
30361
30364
30365
30366
30374
30376
30377
30384
30389
30393
30396
30401
30402
30403
30407
30412
30413
30418
30426
30428
30438
30439
30448
30451
30452
30457
30460
30469
30474
30475
30482
30483
30488
30490
30498
30502
30505
30508
30510
30517
30523
30525
30528
30532
30541
30545
30546
30549
30550
30557
30559
30563
30575
30576
30579
30584
30585
30592
30593
30596
30612
30616
30618
30619
30627
30630
30631
30632
30634
30637
30640
30647
30653
30658
30667
30681
30683
30685
30686
30697
30701
30702
30704
30705
30708
30709
30713
30716
30721
30723
30725
30726
30730
30732
30733
30734
30735
30737
30738
30744
30749
30752
30753
30759
30765
30770
30772
30776
30778
30781
30785
30786
30789
30795
30798
30800
30809
30810
30813
30815
30817
30820
30826
30828
30833
30836
30837
30846
30847
30849
30856
30858
30860
30863
30873
30874
30878
30885
30888
30890
30891
30892
30893
30898
30900
30903
30904
30907
30910
30912
30914
30917
30921
30923
30926
30927
30933
30934
30937
30939
30948
30956
30957
30958
30959
30962
30965
30966
30970
30975
30978
30989
30994
30996
30999
31001
31012
31017
31019
31020
31021
31030
31032
31035
31036
31041
31053
31060
31062
31064
31066
31068
31070
31080
31084
31085
31087
31092
31095
31101
31113
31125
31127
31128
31129
31134
31136
31142
31148
31150
31163
31170
31171
31178
31181
31190
31206
31214
31218
31229
31230
31232
31234
31240
31241
31242
31244
31245
31248
31250
31253
31256
31260
31272
31278
31279
31281
31282
31283
31298
31300
31301
31302
31303
31308
31310
31314
31316
31317
31318
31327
31328
31329
31336
31339
31342
31345
31347
31354
31355
31356
31359
31360
31366
31374
31377
31378
31390
31396
31398
31399
31400
31403
31408
31428
31442
31450
31460
31462
31463
31464
31465
31469
31475
31481
31482
31485
31486
31488
31492
31496
31497
31500
31505
31517
31525
31526
31535
31537
31538
31555
31557
31571
31572
31575
31578
31579
31580
31588
31589
31590
31593
31594
31596
31604
31610
31614
31615
31617
31618
31619
31621
31635
31637
31645
31651
31653
31655
31657
31659
31662
31663
31664
31666
31669
31671
31674
31678
31682
31693
31695
31697
31698
31703
31705
31706
31708
31709
31719
31723
31730
31739
31742
31743
31745
31746
31757
31760
31763
31765
31767
31769
31770
31777
31782
31785
31787
31792
31793
31798
31801
31803
31807
31816
31823
31827
31828
31829
31835
31837
31838
31839
31843
31846
31849
31859
31861
31863
31866
31871
31875
31876
31882
31885
31889
31895
31896
31903
31914
31919
31922
31923
31926
31927
31928
31931
31932
31933
31942
31946
31953
31954
31956
31958
31960
31961
31963
31965
31970
31977
31986
31987
31988
31990
31999
32000
32001
32008
32010
32016
32019
32020
32022
32023
32028
32030
32033
32040
32051
32054
32057
32061
32063
32064
32072
32079
32081
32093
32094
32100
32105
32106
32111
32113
32122
32128
32129
32140
32143
32150
32151
32152
32154
32160
32167
32173
32179
32182
32186
32188
32199
32206
32209
32211
32213
32218
32219
32228
32230
32232
32239
32242
32243
32246
32250
32251
32252
32257
32261
32262
32268
32269
32271
32276
32279
32283
32289
32295
32296
32300
32301
32305
32309
32318
32327
32332
32335
32336
32338
32340
32345
32350
32351
32355
32358
32364
32365
32373
32374
32375
32380
32388
32391
32392
32393
32396
32397
32399
32402
32404
32407
32409
32412
32413
32415
32420
32421
32422
32423
32426
32428
32429
32435
32438
32439
32444
32447
32449
32450
32454
32461
32463
32465
32471
32483
32488
32495
32498
32499
32505
32507
32511
32512
32515
32516
32544
32545
32550
32556
32560
32563
32566
32567
32571
32574
32576
32584
32587
32588
32596
32600
32603
32604
32611
32616
32617
32621
32627
32630
32632
32637
32639
32643
32648
32652
32655
32659
32660
32664
32669
32670
32678
32682
32688
32697
32698
32699
32703
32705
32706
32708
32711
32718
32720
32726
32728
32731
32734
32738
32739
32740
32741
32747
32752
32755
32764
